# train_accs, valid_accs, test_accs, fidelity
5.833333134651184082e-01 5.625000000000000000e-01 6.875000000000000000e-01 4.281263144208941052e-01
1.000000000000000000e+00 1.000000000000000000e+00 9.791666865348815918e-01 5.095173677632982567e-01
9.916666746139526367e-01 9.687500000000000000e-01 9.375000000000000000e-01 6.057454559933097560e-01
1.000000000000000000e+00 1.000000000000000000e+00 1.000000000000000000e+00 3.641371614298102299e-01
1.000000000000000000e+00 1.000000000000000000e+00 9.791666865348815918e-01 5.625603020544760469e-01
1.000000000000000000e+00 1.000000000000000000e+00 1.000000000000000000e+00 4.552457594887314718e-01
9.583333134651184082e-01 8.750000000000000000e-01 9.375000000000000000e-01 6.783333413730272543e-01
1.000000000000000000e+00 9.687500000000000000e-01 9.791666865348815918e-01 6.876068204333417588e-01
1.000000000000000000e+00 9.687500000000000000e-01 9.791666865348815918e-01 4.895652276085176169e-01
1.000000000000000000e+00 1.000000000000000000e+00 1.000000000000000000e+00 7.283872609250867658e-01
9.750000238418579102e-01 8.750000000000000000e-01 1.000000000000000000e+00 4.492578403002733811e-01
9.833333492279052734e-01 9.687500000000000000e-01 1.000000000000000000e+00 4.058430721913598438e-01
9.666666388511657715e-01 9.687500000000000000e-01 9.791666865348815918e-01 6.612495474650074145e-01
1.000000000000000000e+00 1.000000000000000000e+00 1.000000000000000000e+00 6.558499819492715766e-01
1.000000000000000000e+00 1.000000000000000000e+00 1.000000000000000000e+00 2.468651479755772371e-01
1.000000000000000000e+00 1.000000000000000000e+00 1.000000000000000000e+00 6.772322789647846619e-01
1.000000000000000000e+00 1.000000000000000000e+00 1.000000000000000000e+00 5.302198348518605275e-01
1.000000000000000000e+00 1.000000000000000000e+00 1.000000000000000000e+00 5.899082645579662998e-01
1.000000000000000000e+00 1.000000000000000000e+00 1.000000000000000000e+00 6.829735190628619668e-01
1.000000000000000000e+00 9.687500000000000000e-01 1.000000000000000000e+00 4.753618639996363138e-01
1.000000000000000000e+00 1.000000000000000000e+00 9.583333134651184082e-01 4.228584180821928218e-01
1.000000000000000000e+00 9.687500000000000000e-01 9.791666865348815918e-01 4.259935982797500298e-01
1.000000000000000000e+00 1.000000000000000000e+00 1.000000000000000000e+00 7.274053804415310243e-01
1.000000000000000000e+00 1.000000000000000000e+00 1.000000000000000000e+00 6.743306354023266280e-01
1.000000000000000000e+00 1.000000000000000000e+00 1.000000000000000000e+00 4.896644577883567662e-01
1.000000000000000000e+00 1.000000000000000000e+00 1.000000000000000000e+00 6.367265321866921735e-01
1.000000000000000000e+00 1.000000000000000000e+00 1.000000000000000000e+00 5.372058024826780187e-01
1.000000000000000000e+00 1.000000000000000000e+00 1.000000000000000000e+00 4.926627958913835093e-01
1.000000000000000000e+00 1.000000000000000000e+00 1.000000000000000000e+00 6.433775117843389957e-01
1.000000000000000000e+00 9.687500000000000000e-01 1.000000000000000000e+00 2.825737115913399267e-01
5.416666865348815918e-01 5.000000000000000000e-01 5.833333134651184082e-01 8.093613431640647171e-01
1.000000000000000000e+00 9.687500000000000000e-01 1.000000000000000000e+00 4.898801638475219766e-01
1.000000000000000000e+00 9.687500000000000000e-01 9.791666865348815918e-01 6.631396404455238702e-01
1.000000000000000000e+00 1.000000000000000000e+00 1.000000000000000000e+00 6.311895286552119400e-01
1.000000000000000000e+00 1.000000000000000000e+00 1.000000000000000000e+00 2.427442338391085919e-01
1.000000000000000000e+00 1.000000000000000000e+00 1.000000000000000000e+00 4.186828470574506245e-01
1.000000000000000000e+00 1.000000000000000000e+00 1.000000000000000000e+00 4.176572124758062277e-01
9.916666746139526367e-01 1.000000000000000000e+00 9.791666865348815918e-01 6.380012845435381053e-01
1.000000000000000000e+00 1.000000000000000000e+00 9.791666865348815918e-01 3.623107875289388602e-01
1.000000000000000000e+00 1.000000000000000000e+00 1.000000000000000000e+00 2.888124549459826218e-01
9.916666746139526367e-01 1.000000000000000000e+00 9.791666865348815918e-01 4.248299614616819486e-01
1.000000000000000000e+00 1.000000000000000000e+00 9.791666865348815918e-01 3.677688712983909758e-01
1.000000000000000000e+00 1.000000000000000000e+00 9.791666865348815918e-01 7.104837589497301487e-01
1.000000000000000000e+00 1.000000000000000000e+00 1.000000000000000000e+00 1.085404305996877650e-01
1.000000000000000000e+00 9.687500000000000000e-01 1.000000000000000000e+00 3.721427306534017543e-01
1.000000000000000000e+00 1.000000000000000000e+00 1.000000000000000000e+00 2.630850227612140380e-01
1.000000000000000000e+00 1.000000000000000000e+00 1.000000000000000000e+00 3.553108059375187366e-01
1.000000000000000000e+00 9.687500000000000000e-01 1.000000000000000000e+00 5.900647368293520101e-01
1.000000000000000000e+00 1.000000000000000000e+00 1.000000000000000000e+00 3.316824046154469574e-01
1.000000000000000000e+00 1.000000000000000000e+00 1.000000000000000000e+00 6.490996462713047865e-01
1.000000000000000000e+00 1.000000000000000000e+00 1.000000000000000000e+00 5.781756351584452780e-01
1.000000000000000000e+00 1.000000000000000000e+00 1.000000000000000000e+00 5.585842759857454487e-01
9.750000238418579102e-01 9.375000000000000000e-01 8.958333134651184082e-01 4.541369382511879493e-01
1.000000000000000000e+00 1.000000000000000000e+00 9.791666865348815918e-01 6.128015089855394226e-01
1.000000000000000000e+00 9.687500000000000000e-01 1.000000000000000000e+00 6.990363666100465334e-01
1.000000000000000000e+00 1.000000000000000000e+00 1.000000000000000000e+00 2.515736521431304329e-01
1.000000000000000000e+00 1.000000000000000000e+00 1.000000000000000000e+00 6.565669968185674499e-01
1.000000000000000000e+00 1.000000000000000000e+00 1.000000000000000000e+00 6.880175606671202759e-01
1.000000000000000000e+00 1.000000000000000000e+00 1.000000000000000000e+00 5.271376584542486476e-01
1.000000000000000000e+00 1.000000000000000000e+00 1.000000000000000000e+00 6.428686917153059177e-01
1.000000000000000000e+00 1.000000000000000000e+00 1.000000000000000000e+00 6.057909496654303450e-01
1.000000000000000000e+00 1.000000000000000000e+00 1.000000000000000000e+00 6.365055753000531391e-01
1.000000000000000000e+00 1.000000000000000000e+00 1.000000000000000000e+00 2.717111116384380853e-01
6.916666626930236816e-01 6.250000000000000000e-01 7.500000000000000000e-01 6.203822678103405597e-01
1.000000000000000000e+00 1.000000000000000000e+00 1.000000000000000000e+00 5.732470675986305331e-01
1.000000000000000000e+00 9.687500000000000000e-01 1.000000000000000000e+00 3.318936232864440061e-01
1.000000000000000000e+00 1.000000000000000000e+00 1.000000000000000000e+00 6.730086344805182863e-01
9.666666388511657715e-01 9.687500000000000000e-01 9.791666865348815918e-01 4.301285231767673078e-01
9.583333134651184082e-01 9.687500000000000000e-01 9.166666865348815918e-01 5.819921148691995505e-01
1.000000000000000000e+00 1.000000000000000000e+00 1.000000000000000000e+00 4.871635006026612258e-01
1.000000000000000000e+00 1.000000000000000000e+00 1.000000000000000000e+00 5.645230788903001784e-01
1.000000000000000000e+00 1.000000000000000000e+00 1.000000000000000000e+00 5.444821737265463923e-01
1.000000000000000000e+00 9.687500000000000000e-01 9.791666865348815918e-01 6.815286645912468355e-01
1.000000000000000000e+00 9.687500000000000000e-01 1.000000000000000000e+00 4.819079636181758941e-01
1.000000000000000000e+00 1.000000000000000000e+00 9.791666865348815918e-01 3.916582298669895046e-01
1.000000000000000000e+00 1.000000000000000000e+00 1.000000000000000000e+00 6.762075766189360460e-01
9.916666746139526367e-01 9.687500000000000000e-01 1.000000000000000000e+00 7.002232105514967220e-01
1.000000000000000000e+00 1.000000000000000000e+00 1.000000000000000000e+00 3.663865915310192678e-01
1.000000000000000000e+00 1.000000000000000000e+00 1.000000000000000000e+00 6.805513950396139267e-01
1.000000000000000000e+00 1.000000000000000000e+00 1.000000000000000000e+00 3.577580927466571525e-01
9.750000238418579102e-01 1.000000000000000000e+00 9.791666865348815918e-01 6.977622782246181155e-01
1.000000000000000000e+00 1.000000000000000000e+00 9.583333134651184082e-01 5.192572606221179665e-01
6.833333373069763184e-01 6.875000000000000000e-01 6.875000000000000000e-01 4.577389257317917570e-01
9.833333492279052734e-01 9.375000000000000000e-01 1.000000000000000000e+00 6.438882105700516334e-01
1.000000000000000000e+00 1.000000000000000000e+00 1.000000000000000000e+00 6.354045427061822959e-01
9.833333492279052734e-01 9.687500000000000000e-01 1.000000000000000000e+00 5.762588490694671162e-01
9.666666388511657715e-01 9.375000000000000000e-01 1.000000000000000000e+00 5.125153909129500640e-01
1.000000000000000000e+00 1.000000000000000000e+00 1.000000000000000000e+00 5.004628468095105864e-01
1.000000000000000000e+00 1.000000000000000000e+00 1.000000000000000000e+00 6.145985789367882646e-01
1.000000000000000000e+00 1.000000000000000000e+00 1.000000000000000000e+00 4.261087489344261847e-01
1.000000000000000000e+00 1.000000000000000000e+00 1.000000000000000000e+00 5.344455405964948502e-01
7.416666746139526367e-01 7.187500000000000000e-01 7.291666865348815918e-01 3.043116002117142171e-01
1.000000000000000000e+00 1.000000000000000000e+00 1.000000000000000000e+00 5.745808093310901254e-01
1.000000000000000000e+00 9.687500000000000000e-01 1.000000000000000000e+00 5.924446879370579566e-01
1.000000000000000000e+00 9.687500000000000000e-01 9.583333134651184082e-01 5.506106791410001478e-01
1.000000000000000000e+00 1.000000000000000000e+00 1.000000000000000000e+00 5.498496687634506497e-01
1.000000000000000000e+00 1.000000000000000000e+00 1.000000000000000000e+00 4.403243219809571674e-01
1.000000000000000000e+00 9.687500000000000000e-01 1.000000000000000000e+00 4.931519511733474248e-01
9.083333611488342285e-01 9.062500000000000000e-01 8.125000000000000000e-01 7.484200774887888041e-01
1.000000000000000000e+00 1.000000000000000000e+00 1.000000000000000000e+00 3.797382484978630846e-01
